function [Tm] = getTm(Ph, Pc, m)

% getTm with Neural Network
% # of Layers : 300
% Method : Levenberg - Marquardt
% MSE 8.8763E-4 / R 0.999999
%
% Ph : Hot side pressure (kPa)
% Pc : Cold side pressure (kPa)
% m  : mass fraction, m_c/m_h
% Tm : Pinch Temperature when pinch point is 0 K

mfrac_bound = [0.500000000000000;0.500000000000000;0.500000000000000;0.500000000000000;0.500000000000000;0.500000000000000;0.500000000000000;0.500000000000000;0.500000000000000;0.500000000000000;0.500000000000000;0.500000000000000;0.500000000000000;0.500000000000000;0.500000000000000;0.500000000000000;0.500000000000000;0.500000000000000;0.500000000000000;0.500000000000000;0.500000000000000;0.500000000000000;0.500000000000000;0.500000000000000;0.520000000000000;0.520000000000000;0.520000000000000;0.520000000000000;0.520000000000000;0.520000000000000;0.520000000000000;0.520000000000000;0.520000000000000;0.520000000000000;0.520000000000000;0.520000000000000;0.520000000000000;0.520000000000000;0.520000000000000;0.520000000000000;0.520000000000000;0.520000000000000;0.520000000000000;0.520000000000000;0.520000000000000;0.520000000000000;0.520000000000000;0.520000000000000;0.540000000000000;0.540000000000000;0.540000000000000;0.540000000000000;0.540000000000000;0.540000000000000;0.540000000000000;0.540000000000000;0.540000000000000;0.540000000000000;0.540000000000000;0.540000000000000;0.540000000000000;0.540000000000000;0.540000000000000;0.540000000000000;0.540000000000000;0.540000000000000;0.540000000000000;0.540000000000000;0.540000000000000;0.540000000000000;0.540000000000000;0.540000000000000;0.560000000000000;0.560000000000000;0.560000000000000;0.560000000000000;0.560000000000000;0.560000000000000;0.560000000000000;0.560000000000000;0.560000000000000;0.560000000000000;0.560000000000000;0.560000000000000;0.560000000000000;0.560000000000000;0.560000000000000;0.560000000000000;0.560000000000000;0.560000000000000;0.560000000000000;0.560000000000000;0.560000000000000;0.560000000000000;0.560000000000000;0.560000000000000;0.580000000000000;0.580000000000000;0.580000000000000;0.580000000000000;0.580000000000000;0.580000000000000;0.580000000000000;0.580000000000000;0.580000000000000;0.580000000000000;0.580000000000000;0.580000000000000;0.580000000000000;0.580000000000000;0.580000000000000;0.580000000000000;0.580000000000000;0.580000000000000;0.580000000000000;0.580000000000000;0.580000000000000;0.580000000000000;0.580000000000000;0.580000000000000;0.600000000000000;0.600000000000000;0.600000000000000;0.600000000000000;0.600000000000000;0.600000000000000;0.600000000000000;0.600000000000000;0.600000000000000;0.600000000000000;0.600000000000000;0.600000000000000;0.600000000000000;0.600000000000000;0.600000000000000;0.600000000000000;0.600000000000000;0.600000000000000;0.600000000000000;0.600000000000000;0.600000000000000;0.600000000000000;0.600000000000000;0.600000000000000;0.620000000000000;0.620000000000000;0.620000000000000;0.620000000000000;0.620000000000000;0.620000000000000;0.620000000000000;0.620000000000000;0.620000000000000;0.620000000000000;0.620000000000000;0.620000000000000;0.620000000000000;0.620000000000000;0.620000000000000;0.620000000000000;0.620000000000000;0.620000000000000;0.620000000000000;0.620000000000000;0.620000000000000;0.620000000000000;0.620000000000000;0.620000000000000;0.640000000000000;0.640000000000000;0.640000000000000;0.640000000000000;0.640000000000000;0.640000000000000;0.640000000000000;0.640000000000000;0.640000000000000;0.640000000000000;0.640000000000000;0.640000000000000;0.640000000000000;0.640000000000000;0.640000000000000;0.640000000000000;0.640000000000000;0.640000000000000;0.640000000000000;0.640000000000000;0.640000000000000;0.640000000000000;0.640000000000000;0.640000000000000;0.660000000000000;0.660000000000000;0.660000000000000;0.660000000000000;0.660000000000000;0.660000000000000;0.660000000000000;0.660000000000000;0.660000000000000;0.660000000000000;0.660000000000000;0.660000000000000;0.660000000000000;0.660000000000000;0.660000000000000;0.660000000000000;0.660000000000000;0.660000000000000;0.660000000000000;0.660000000000000;0.660000000000000;0.660000000000000;0.660000000000000;0.660000000000000;0.680000000000000;0.680000000000000;0.680000000000000;0.680000000000000;0.680000000000000;0.680000000000000;0.680000000000000;0.680000000000000;0.680000000000000;0.680000000000000;0.680000000000000;0.680000000000000;0.680000000000000;0.680000000000000;0.680000000000000;0.680000000000000;0.680000000000000;0.680000000000000;0.680000000000000;0.680000000000000;0.680000000000000;0.680000000000000;0.680000000000000;0.680000000000000;0.700000000000000;0.700000000000000;0.700000000000000;0.700000000000000;0.700000000000000;0.700000000000000;0.700000000000000;0.700000000000000;0.700000000000000;0.700000000000000;0.700000000000000;0.700000000000000;0.700000000000000;0.700000000000000;0.700000000000000;0.700000000000000;0.700000000000000;0.700000000000000;0.700000000000000;0.700000000000000;0.700000000000000;0.700000000000000;0.700000000000000;0.700000000000000;0.720000000000000;0.720000000000000;0.720000000000000;0.720000000000000;0.720000000000000;0.720000000000000;0.720000000000000;0.720000000000000;0.720000000000000;0.720000000000000;0.720000000000000;0.720000000000000;0.720000000000000;0.720000000000000;0.720000000000000;0.720000000000000;0.720000000000000;0.720000000000000;0.720000000000000;0.720000000000000;0.720000000000000;0.720000000000000;0.720000000000000;0.720000000000000;0.740000000000000;0.740000000000000;0.740000000000000;0.740000000000000;0.740000000000000;0.740000000000000;0.740000000000000;0.740000000000000;0.740000000000000;0.740000000000000;0.740000000000000;0.740000000000000;0.740000000000000;0.740000000000000;0.740000000000000;0.740000000000000;0.740000000000000;0.740000000000000;0.740000000000000;0.740000000000000;0.740000000000000;0.740000000000000;0.740000000000000;0.740000000000000;0.760000000000000;0.760000000000000;0.760000000000000;0.760000000000000;0.760000000000000;0.760000000000000;0.760000000000000;0.760000000000000;0.760000000000000;0.760000000000000;0.760000000000000;0.760000000000000;0.760000000000000;0.760000000000000;0.760000000000000;0.760000000000000;0.760000000000000;0.760000000000000;0.760000000000000;0.760000000000000;0.760000000000000;0.760000000000000;0.760000000000000;0.760000000000000;0.780000000000000;0.780000000000000;0.780000000000000;0.780000000000000;0.780000000000000;0.780000000000000;0.780000000000000;0.780000000000000;0.780000000000000;0.780000000000000;0.780000000000000;0.780000000000000;0.780000000000000;0.780000000000000;0.780000000000000;0.780000000000000;0.780000000000000;0.780000000000000;0.780000000000000;0.780000000000000;0.780000000000000;0.780000000000000;0.780000000000000;0.780000000000000;0.800000000000000;0.800000000000000;0.800000000000000;0.800000000000000;0.800000000000000;0.800000000000000;0.800000000000000;0.800000000000000;0.800000000000000;0.800000000000000;0.800000000000000;0.800000000000000;0.800000000000000;0.800000000000000;0.800000000000000;0.800000000000000;0.800000000000000;0.800000000000000;0.800000000000000;0.800000000000000;0.800000000000000;0.800000000000000;0.800000000000000;0.800000000000000;0.820000000000000;0.820000000000000;0.820000000000000;0.820000000000000;0.820000000000000;0.820000000000000;0.820000000000000;0.820000000000000;0.820000000000000;0.820000000000000;0.820000000000000;0.820000000000000;0.820000000000000;0.820000000000000;0.820000000000000;0.820000000000000;0.820000000000000;0.820000000000000;0.820000000000000;0.820000000000000;0.820000000000000;0.820000000000000;0.820000000000000;0.820000000000000;0.840000000000000;0.840000000000000;0.840000000000000;0.840000000000000;0.840000000000000;0.840000000000000;0.840000000000000;0.840000000000000;0.840000000000000;0.840000000000000;0.840000000000000;0.840000000000000;0.840000000000000;0.840000000000000;0.840000000000000;0.840000000000000;0.840000000000000;0.840000000000000;